# ground pts in world frame x y z -- z-axis upforward
0.308673 -0.544644 0
0.308673 -0.539644 0
0.308673 -0.534644 0
0.308673 -0.529644 0
0.308673 -0.524644 0
0.308673 -0.519644 0
0.308673 -0.514644 0
0.308673 -0.509644 0
0.308673 -0.504644 0
0.308673 -0.499644 0
0.308673 -0.494644 0
0.308673 -0.489644 0
0.308673 -0.484644 0
0.308673 -0.479644 0
0.308673 -0.474644 0
0.308673 -0.469644 0
0.308673 -0.464644 0
0.308673 -0.459644 0
0.308673 -0.454644 0
0.308673 -0.449644 0
0.308673 -0.444644 0
0.308673 -0.439644 0
0.308673 -0.434644 0
0.308673 -0.429644 0
0.308673 -0.424644 0
0.308673 -0.419644 0
0.308673 -0.414644 0
0.308673 -0.409644 0
0.308673 -0.404644 0
0.308673 -0.399644 0
0.308673 -0.394644 0
0.308673 -0.389644 0
0.308673 -0.384644 0
0.308673 -0.379644 0
0.308673 -0.374644 0
0.308673 -0.369644 0
0.308673 -0.364644 0
0.308673 -0.359644 0
0.308673 -0.354644 0
0.308673 -0.349644 0
0.308673 -0.344644 0
0.308673 -0.339644 0
0.308673 -0.334644 0
0.308673 -0.329644 0
0.308673 -0.324644 0
0.308673 -0.319644 0
0.308673 -0.314644 0
0.308673 -0.309644 0
0.308673 -0.304644 0
0.308673 -0.299644 0
0.308673 -0.294644 0
0.308673 -0.289644 0
0.308673 -0.284644 0
0.308673 -0.279644 0
0.308673 -0.274644 0
0.308673 -0.269644 0
0.308673 -0.264644 0
0.308673 -0.259644 0
0.308673 -0.254644 0
0.308673 -0.249644 0
0.308673 -0.244644 0
0.308673 -0.239644 0
0.308673 -0.234644 0
0.308673 -0.229644 0
0.308673 -0.224644 0
0.308673 -0.219644 0
0.308673 -0.214644 0
0.308673 -0.209644 0
0.308673 -0.204644 0
0.308673 -0.199644 0
0.308673 -0.194644 0
0.308673 -0.189644 0
0.308673 -0.184644 0
0.308673 -0.179644 0
0.308673 -0.174644 0
0.308673 -0.169644 0
0.308673 -0.164644 0
0.308673 -0.159644 0
0.308673 -0.154644 0
0.308673 -0.149644 0
0.308673 -0.144644 0
0.308673 -0.139644 0
0.308673 -0.134644 0
0.308673 -0.129644 0
0.308673 -0.124644 0
0.308673 -0.119644 0
0.308673 -0.114644 0
0.308673 -0.109644 0
0.308673 -0.104644 0
0.308673 -0.0996444 0
0.308673 -0.0946444 0
0.308673 -0.0896444 0
0.308673 -0.0846444 0
0.308673 -0.0796444 0
0.308673 -0.0746444 0
0.308673 -0.0696444 0
0.308673 -0.0646444 0
0.308673 -0.0596444 0
0.308673 -0.0546444 0
0.308673 -0.0496444 0
0.308673 -0.0446444 0
0.308673 -0.0396444 0
0.308673 -0.0346444 0
0.308673 -0.0296444 0
0.308673 -0.0246444 0
0.308673 -0.0196444 0
0.308673 -0.0146444 0
0.308673 -0.00964439 0
0.308673 -0.00464439 0
0.308673 0.000355612 0
0.308673 0.00535561 0
0.308673 0.0103556 0
0.308673 0.0153556 0
0.308673 0.0203556 0
0.308673 0.0253556 0
0.308673 0.0303556 0
0.308673 0.0353556 0
0.308673 0.0403556 0
0.308673 0.0453556 0
0.308673 0.0503556 0
0.308673 0.0553556 0
0.308673 0.0603556 0
0.308673 0.0653556 0
0.308673 0.0703556 0
0.308673 0.0753556 0
0.308673 0.0803556 0
0.308673 0.0853556 0
0.308673 0.0903556 0
0.308673 0.0953556 0
0.308673 0.100356 0
0.308673 0.105356 0
0.308673 0.110356 0
0.308673 0.115356 0
0.308673 0.120356 0
0.308673 0.125356 0
0.308673 0.130356 0
0.308673 0.135356 0
0.308673 0.140356 0
0.308673 0.145356 0
0.308673 0.150356 0
0.308673 0.155356 0
0.308673 0.160356 0
0.308673 0.165356 0
0.308673 0.170356 0
0.308673 0.175356 0
0.308673 0.180356 0
0.308673 0.185356 0
0.308673 0.190356 0
0.308673 0.195356 0
0.308673 0.200356 0
0.308673 0.205356 0
0.308673 0.210356 0
0.308673 0.215356 0
0.308673 0.220356 0
0.308673 0.225356 0
0.308673 0.230356 0
0.308673 0.235356 0
0.308673 0.240356 0
0.308673 0.245356 0
0.308673 0.250356 0
0.308673 0.255356 0
0.308673 0.260356 0
0.308673 0.265356 0
0.308673 0.270356 0
0.308673 0.275356 0
0.308673 0.280356 0
0.308673 0.285356 0
0.308673 0.290356 0
0.308673 0.295356 0
0.308673 0.300356 0
0.308673 0.305356 0
0.308673 0.310356 0
0.308673 0.315356 0
0.308673 0.320356 0
0.308673 0.325356 0
0.308673 0.330356 0
0.308673 0.335356 0
0.308673 0.340356 0
0.308673 0.345356 0
0.308673 0.350356 0
0.308673 0.355356 0
0.308673 0.360356 0
0.308673 0.365356 0
0.308673 0.370356 0
0.308673 0.375356 0
0.308673 0.380356 0
0.308673 0.385356 0
0.308673 0.390356 0
0.308673 0.395356 0
0.308673 0.400356 0
0.308673 0.405356 0
0.308673 0.410356 0
0.308673 0.415356 0
0.308673 0.420356 0
0.308673 0.425356 0
0.308673 0.430356 0
0.308673 0.435356 0
0.308673 0.440356 0
0.308673 0.445356 0
0.308673 0.450356 0
0.308673 0.455356 0
0.308673 0.460356 0
0.308673 0.465356 0
0.308673 0.470356 0
0.308673 0.475356 0
0.308673 0.480356 0
0.308673 0.485356 0
0.308673 0.490356 0
0.308673 0.495356 0
0.308673 0.500356 0
0.308673 0.505356 0
0.308673 0.510356 0
0.308673 0.515356 0
0.308673 0.520356 0
0.308673 0.525356 0
0.308673 0.530356 0
0.308673 0.535356 0
0.308673 0.540356 0
