# ground pts in image frame u v
635.002 282.764
629.656 282.764
624.311 282.764
618.965 282.764
613.62 282.764
608.275 282.764
602.929 282.764
597.584 282.764
592.238 282.764
586.893 282.764
581.547 282.764
576.202 282.764
570.856 282.764
565.511 282.764
560.165 282.764
554.82 282.764
549.475 282.764
544.129 282.764
538.784 282.764
533.438 282.764
528.093 282.764
522.747 282.764
517.402 282.764
512.056 282.764
506.711 282.764
501.365 282.764
496.02 282.764
490.674 282.764
485.329 282.764
479.984 282.764
474.638 282.764
469.293 282.764
463.947 282.764
458.602 282.764
453.256 282.764
447.911 282.764
442.565 282.764
437.22 282.764
431.874 282.764
426.529 282.764
421.184 282.764
415.838 282.764
410.493 282.764
405.147 282.764
399.802 282.764
394.456 282.764
389.111 282.764
383.765 282.764
378.42 282.764
373.074 282.764
367.729 282.764
362.383 282.764
357.038 282.764
351.693 282.764
346.347 282.764
341.002 282.764
335.656 282.764
330.311 282.764
324.965 282.764
319.62 282.764
314.274 282.764
308.929 282.764
303.583 282.764
298.238 282.764
292.893 282.764
287.547 282.764
282.202 282.764
276.856 282.764
271.511 282.764
266.165 282.764
260.82 282.764
255.474 282.764
250.129 282.764
244.783 282.764
239.438 282.764
234.092 282.764
228.747 282.764
223.402 282.764
218.056 282.764
212.711 282.764
207.365 282.764
202.02 282.764
196.674 282.764
191.329 282.764
185.983 282.764
180.638 282.764
175.292 282.764
169.947 282.764
164.602 282.764
159.256 282.764
153.911 282.764
148.565 282.764
143.22 282.764
137.874 282.764
132.529 282.764
127.183 282.764
121.838 282.764
116.492 282.764
111.147 282.764
105.801 282.764
100.456 282.764
95.1106 282.764
89.7651 282.764
84.4196 282.764
79.0742 282.764
73.7287 282.764
68.3833 282.764
63.0378 282.764
57.6924 282.764
52.3469 282.764
47.0014 282.764
41.656 282.764
36.3105 282.764
30.9651 282.764
25.6196 282.764
20.2741 282.764
14.9287 282.764
9.58322 282.764
4.23777 282.764
